image: willo.pgm
resolution: 0.050000
origin: [-122.723000, -89.785000, 0.000000]
negate: 0
occupied_thresh: 0.65
free_thresh: 0.196

